0
0.109666
0.299063
0.551347
0.567287
0.363763
0.168134
0.0544749
0.0125651
0.00221152
0.000277036
2.98936e-05
3.36891e-06
4.34906e-07
1.01885e-07
2.57816e-08
6.39168e-09
1.91348e-09
1.27062e-09
1.14777e-09
9.56134e-10
8.15362e-10
7.98261e-10
7.6318e-10
7.19739e-10
5.64541e-10
5.85777e-10
5.44992e-10
5.56265e-10
4.9282e-10
5.37411e-10
5.00721e-10
4.20224e-10
3.84327e-10
4.36322e-10
4.18823e-10
3.90395e-10
3.47608e-10
3.76383e-10
3.50924e-10
3.1905e-10
2.7441e-10
2.95434e-10
2.9898e-10
2.77142e-10
2.67636e-10
3.07335e-10
3.28509e-10
2.63679e-10
2.62277e-10
2.96403e-10
2.86047e-10
2.62796e-10
2.44015e-10
2.62227e-10
2.5545e-10
2.24572e-10
2.13089e-10
2.25889e-10
2.49753e-10
2.34199e-10
2.46258e-10
2.69447e-10
2.71103e-10
2.17759e-10
9.83326e-11
6.96675e-11
6.71487e-11
7.58149e-11
6.56177e-11
7.64409e-11
5.94956e-11
5.01354e-11
3.76577e-11
3.35383e-11
3.55708e-11
4.7878e-11
6.6245e-11
5.78975e-11
5.50976e-11
4.30612e-11
3.73333e-11
2.99235e-11
3.03083e-11
3.37354e-11
2.97082e-11
4.30919e-11
7.19261e-11
5.14354e-11
4.51086e-11
3.99845e-11
3.12325e-11
2.54361e-11
4.52921e-11
4.05248e-11
1.96432e-11
1.0646e-11
1.19474e-11
1.38053e-11
6.11893e-11
1.04553e-10
5.65943e-11
3.58183e-11
1.03096e-11
5.98975e-12
1.49445e-11
2.74177e-11
3.1685e-10
4.05304e-10
2.32701e-10
1.49028e-12
0
0
0
0
0
0
0
0
0
0
0
0
0
0
0
0
0
0.518353
0.0565455
-0.0201693
3.08056
0.351153
475.175
56.2835
0.335325
0.335735
0.32894
-0.0824158
