          640
  -2.4134236747666105E-004
  -2.1141667245393902E-004
  -4.7657531250020206E-004
  -2.4915119628609342E-004
  -1.7719708930247869E-004
  -4.6817198657532553E-004
  -2.5698092545998016E-004
  -1.4477015543139937E-004
  -4.5439654226965380E-004
  -2.6463876108067888E-004
  -1.1493432957143044E-004
  -4.3558817674007103E-004
  -2.7193614182030866E-004
  -8.8424268774673422E-005
  -4.1221001436730204E-004
  -2.7869338194644170E-004
  -6.5892738719791920E-005
  -3.8483770309663692E-004
  -2.8474409578117821E-004
  -4.7894540454598296E-005
  -3.5414524007505239E-004
  -2.8993929466873930E-004
  -3.4872849352976922E-005
  -3.2088837560458451E-004
  -2.9415105557063640E-004
  -2.7148302666364822E-005
  -2.8588600406170145E-004
  -2.9727567095543184E-004
  -2.4911104370487126E-005
  -2.5000000000000001E-004
  -2.9923620242234812E-004
  -2.8216341712223718E-005
  -2.1411399593829862E-004
  -2.9998437518003872E-004
  -3.6982628778767218E-005
  -1.7911162439541555E-004
  -2.9950176673216640E-004
  -5.0994110488900588E-005
  -1.4585475992494768E-004
  -2.9780026050040329E-004
  -6.9905777661478577E-005
  -1.1516229690336315E-004
  -2.9492175321515086E-004
  -9.3251962286487424E-005
  -8.7789985632698026E-005
  -2.9093712327899005E-004
  -1.2045780381691478E-004
  -6.4411823259928982E-005
  -2.8594448550517762E-004
  -1.5085340414327012E-004
  -4.5603457730346265E-005
  -2.8006677520531973E-004
  -1.8369032270830466E-004
  -3.1828013424674479E-005
  -2.7344872111400090E-004
  -2.1816000559746256E-004
  -2.3424687499797947E-005
  -2.6625328168701170E-004
  -2.5341369481969394E-004
  -2.0600397729026864E-005
  -2.5865763252333896E-004
  -2.8858332754606094E-004
  -2.3424687499797947E-005
  -2.5084880371390665E-004
  -3.2280291069752126E-004
  -3.1828013424674479E-005
  -2.4301907454001980E-004
  -3.5522984456860064E-004
  -4.5603457730346211E-005
  -2.3536123891932119E-004
  -3.8506567042856951E-004
  -6.4411823259928928E-005
  -2.2806385817969135E-004
  -4.1157573122532656E-004
  -8.7789985632697972E-005
  -2.2130661805355836E-004
  -4.3410726128020806E-004
  -1.1516229690336304E-004
  -2.1525590421882180E-004
  -4.5210545954540169E-004
  -1.4585475992494762E-004
  -2.1006070533126071E-004
  -4.6512715064702309E-004
  -1.7911162439541550E-004
  -2.0584894442936361E-004
  -4.7285169733363522E-004
  -2.1411399593829856E-004
  -2.0272432904456817E-004
  -4.7508889562951286E-004
  -2.4999999999999995E-004
  -2.0076379757765189E-004
  -4.7178365828777632E-004
  -2.8588600406170139E-004
  -2.0001562481996129E-004
  -4.6301737122123282E-004
  -3.2088837560458440E-004
  -2.0049823326783367E-004
  -4.4900588951109942E-004
  -3.5414524007505233E-004
  -2.0219973949959672E-004
  -4.3009422233852146E-004
  -3.8483770309663686E-004
  -2.0507824678484915E-004
  -4.0674803771351261E-004
  -4.1221001436730198E-004
  -2.0906287672101001E-004
  -3.7954219618308526E-004
  -4.3558817674007103E-004
  -2.1405551449482239E-004
  -3.4914659585672989E-004
  -4.5439654226965375E-004
  -2.1993322479468028E-004
  -3.1630967729169535E-004
  -4.6817198657532553E-004
  -2.2655127888599911E-004
  -2.8183999440253751E-004
  -4.7657531250020206E-004
  -2.3374671831298836E-004
  -2.4658630518030608E-004
  -4.7939960227097315E-004
  -1.9637099698882284E-004
  -1.4576136320304739E-004
   5.2115597798259609E-005
  -2.2407409247054505E-004
  -1.2382400131181719E-004
   5.9454822486073298E-005
  -2.5241556983879646E-004
  -1.0499351126242153E-004
   7.1485901827467884E-005
  -2.8069756786079999E-004
  -8.9733562214689940E-005
   8.7912590720195301E-005
  -3.0822368988268390E-004
  -7.8419904759044983E-005
   1.0833040956666163E-004
  -3.3431615142630799E-004
  -7.1331118689920873E-005
   1.3223660390401109E-004
  -3.5833246949255301E-004
  -6.8641753446671761E-005
   1.5904252388754801E-004
  -3.7968128262503816E-004
  -7.0418030127077850E-005
   1.8808811880352972E-004
  -3.9783691219179307E-004
  -7.6616210904143216E-005
   2.1865818970832191E-004
  -4.1235230633780413E-004
  -8.7083675996553960E-005
   2.5000000000000001E-004
  -4.2287004788536537E-004
  -1.0156268167420989E-004
   2.8134181029167810E-004
  -4.2913115513119302E-004
  -1.1969670676426232E-004
   3.1191188119647029E-004
  -4.3098145883547096E-004
  -1.4103923138561540E-004
   3.4095747611245200E-004
  -4.2837539838019411E-004
  -1.6506473175031307E-004
   3.6776339609598892E-004
  -4.2137714362279011E-004
  -1.9118162030331225E-004
   3.9166959043333838E-004
  -4.1015901482126222E-004
  -2.1874681257145443E-004
   4.1208740927980471E-004
  -3.9499723953753891E-004
  -2.4708156203746969E-004
   4.2851409817253202E-004
  -3.7626515099815287E-004
  -2.7548817313186280E-004
   4.4054517751392671E-004
  -3.5442399539118130E-004
  -3.0326718081335254E-004
   4.4788440220174040E-004
  -3.3001157445430743E-004
  -3.2973457371957991E-004
   4.5035105616666885E-004
  -3.0362900301117717E-004
  -3.5423863679695262E-004
   4.4788440220174040E-004
  -2.7592590752945496E-004
  -3.7617599868818279E-004
   4.4054517751392682E-004
  -2.4758443016120355E-004
  -3.9500648873757845E-004
   4.2851409817253213E-004
  -2.1930243213920007E-004
  -4.1026643778531007E-004
   4.1208740927980471E-004
  -1.9177631011731611E-004
  -4.2158009524095505E-004
   3.9166959043333849E-004
  -1.6568384857369202E-004
  -4.2866888131007911E-004
   3.6776339609598892E-004
  -1.4166753050744700E-004
  -4.3135824655332828E-004
   3.4095747611245200E-004
  -1.2031871737496185E-004
  -4.2958196987292216E-004
   3.1191188119647040E-004
  -1.0216308780820694E-004
  -4.2338378909585679E-004
   2.8134181029167810E-004
  -8.7647693662195876E-005
  -4.1291632400344608E-004
   2.5000000000000001E-004
  -7.7129952114634638E-005
  -3.9843731832579012E-004
   2.1865818970832201E-004
  -7.0868844868807049E-005
  -3.8030329323573769E-004
   1.8808811880352972E-004
  -6.9018541164529051E-005
  -3.5896076861438461E-004
   1.5904252388754801E-004
  -7.1624601619805898E-005
  -3.3493526824968697E-004
   1.3223660390401120E-004
  -7.8622856377209903E-005
  -3.0881837969668776E-004
   1.0833040956666163E-004
  -8.9840985178737736E-005
  -2.8125318742854564E-004
   8.7912590720195301E-005
  -1.0500276046246105E-004
  -2.5291843796253037E-004
   7.1485901827467993E-005
  -1.2373484900184709E-004
  -2.2451182686813721E-004
   5.9454822486073298E-005
  -1.4557600460881866E-004
  -1.9673281918664747E-004
   5.2115597798259609E-005
  -1.6998842554569258E-004
  -1.7026542628042010E-004
   4.9648943833331162E-005
  -1.5732953667216927E-004
   3.1230569108827745E-004
  -4.5107258909313658E-004
  -1.7026743325513412E-004
   3.4516250993149225E-004
  -4.4361511951243414E-004
  -1.8516861024857540E-004
   3.7567611195393031E-004
  -4.3139020311759417E-004
  -2.0166615122074348E-004
   4.0309515100496018E-004
  -4.1469885792242892E-004
  -2.1935383196070425E-004
   4.2674447934457185E-004
  -3.9395208024104220E-004
  -2.3779612306659302E-004
   4.4604177202142345E-004
  -3.6966072459455727E-004
  -2.5653891412492767E-004
   4.6051186564576821E-004
  -3.4242292477737793E-004
  -2.7512069541609483E-004
   4.6979845848908730E-004
  -3.1290936581807797E-004
  -2.9308392181530950E-004
   4.7367288381514364E-004
  -2.8184676948812191E-004
  -3.0998627907209258E-004
   4.7203974041392911E-004
  -2.5000000000000001E-004
  -3.2541157505507436E-004
   4.6493924169607400E-004
  -2.1815323051187815E-004
  -3.3897998778353161E-004
   4.5254622550521602E-004
  -1.8709063418192209E-004
  -3.5035741790510953E-004
   4.3516584903003676E-004
  -1.5757707522262213E-004
  -3.5926371533068923E-004
   4.1322607482151752E-004
  -1.3033927540544274E-004
  -3.6547957745934639E-004
   3.8726713293460815E-004
  -1.0604791975895786E-004
  -3.6885194913620974E-004
   3.5792821867135303E-004
  -8.5301142077571146E-005
  -3.6929779137833503E-004
   3.2593175347118758E-004
  -6.8609796882405894E-005
  -3.6680612607005566E-004
   2.9206559649751966E-004
  -5.6384880487565868E-005
  -3.6143830628062429E-004
   2.5716364493037205E-004
  -4.8927410906863481E-005
  -3.5332650554802944E-004
   2.2208530065026422E-004
  -4.6421015791298114E-005
  -3.4267046332783074E-004
   1.8769430891172256E-004
  -4.8927410906863427E-005
  -3.2973256674486594E-004
   1.5483749006850778E-004
  -5.6384880487565868E-005
  -3.1483138975142461E-004
   1.2432388804606970E-004
  -6.8609796882405840E-005
  -2.9833384877925653E-004
   9.6904848995039885E-005
  -8.5301142077571037E-005
  -2.8064616803929576E-004
   7.3255520655428130E-005
  -1.0604791975895775E-004
  -2.6220387693340699E-004
   5.3958227978576529E-005
  -1.3033927540544274E-004
  -2.4346108587507234E-004
   3.9488134354231800E-005
  -1.5757707522262208E-004
  -2.2487930458390518E-004
   3.0201541510912680E-005
  -1.8709063418192204E-004
  -2.0691607818469052E-004
   2.6327116184856367E-005
  -2.1815323051187804E-004
  -1.9001372092790748E-004
   2.7960259586070870E-005
  -2.4999999999999995E-004
  -1.7458842494492565E-004
   3.5060758303926006E-005
  -2.8184676948812186E-004
  -1.6102001221646840E-004
   4.7453774494783961E-005
  -3.1290936581807792E-004
  -1.4964258209489048E-004
   6.4834150969963252E-005
  -3.4242292477737783E-004
  -1.4073628466931078E-004
   8.6773925178482440E-005
  -3.6966072459455722E-004
  -1.3452042254065362E-004
   1.1273286706539186E-004
  -3.9395208024104215E-004
  -1.3114805086379027E-004
   1.4207178132864695E-004
  -4.1469885792242886E-004
  -1.3070220862166498E-004
   1.7406824652881238E-004
  -4.3139020311759412E-004
  -1.3319387392994440E-004
   2.0793440350248035E-004
  -4.4361511951243414E-004
  -1.3856169371937572E-004
   2.4283635506962791E-004
  -4.5107258909313653E-004
  -1.4667349445197052E-004
   2.7791469934973576E-004
  -4.5357898420870190E-004
  -2.0214933353250087E-004
   3.8415850462638707E-004
   6.9412599124335787E-005
  -2.3403127425678633E-004
   3.9969092741028628E-004
   7.6110304936760414E-005
  -2.6630641800603192E-004
   4.1153746276563870E-004
   8.7089752148453051E-005
  -2.9818004362607042E-004
   4.1940640967559883E-004
   1.0208059033036559E-004
  -3.2886731667163769E-004
   4.2310400855170583E-004
   1.2071369529471974E-004
  -3.5761261463513179E-004
   4.2253921223800293E-004
   1.4253025815756312E-004
  -3.8370813288051694E-004
   4.1772592789418491E-004
   1.6699308273619175E-004
  -4.0651131314253217E-004
   4.0878267455517154E-004
   1.9349981310201950E-004
  -4.2546066544371018E-004
   3.9592966479912541E-004
   2.2139776558264526E-004
  -4.4008959384110125E-004
   3.7948338238293425E-004
   2.5000000000000001E-004
  -4.5003788556693193E-004
   3.5984878936176656E-004
   2.7860223441735475E-004
  -4.5506058066242480E-004
   3.3750935457928184E-004
   3.0650018689798051E-004
  -4.5503400370495951E-004
   3.1301514906015824E-004
   3.3300691726380826E-004
  -4.4995880910743278E-004
   2.8696930143588405E-004
   3.5746974184243678E-004
  -4.3995996500444091E-004
   2.6001314691618128E-004
   3.7928630470528027E-004
  -4.2528367612206051E-004
   2.3281043548767274E-004
   3.9791940966963442E-004
  -4.0629132140038615E-004
   2.0603098818635160E-004
   4.1291024785154685E-004
  -3.8345055564467699E-004
   1.8033420388066643E-004
   4.2388969506323960E-004
  -3.5732379431199405E-004
   1.5635282268296088E-004
   4.3058740087566422E-004
  -3.2855436497609752E-004
   1.3467734578796365E-004
   4.3283844554330782E-004
  -2.9785066646749914E-004
   1.1584149537361296E-004
   4.3058740087566422E-004
  -2.6596872574321373E-004
   1.0030907258971370E-004
   4.2388969506323960E-004
  -2.3369358199396809E-004
   8.8462537234361308E-005
   4.1291024785154696E-004
  -2.0181995637392959E-004
   8.0593590324401225E-005
   3.9791940966963442E-004
  -1.7113268332836232E-004
   7.6895991448294192E-005
   3.7928630470528027E-004
  -1.4238738536486828E-004
   7.7460787761997080E-005
   3.5746974184243689E-004
  -1.1629186711948307E-004
   8.2274072105815099E-005
   3.3300691726380826E-004
  -9.3488686857467844E-005
   9.1217325444828466E-005
   3.0650018689798051E-004
  -7.4539334556289829E-005
   1.0407033520087454E-004
   2.7860223441735486E-004
  -5.9910406158898764E-005
   1.2051661761706579E-004
   2.5000000000000001E-004
  -4.9962114433068131E-005
   1.4015121063823343E-004
   2.2139776558264526E-004
  -4.4939419337575214E-005
   1.6249064542071817E-004
   1.9349981310201950E-004
  -4.4965996295040500E-005
   1.8698485093984174E-004
   1.6699308273619175E-004
  -5.0041190892567288E-005
   2.1303069856411593E-004
   1.4253025815756323E-004
  -6.0040034995559105E-005
   2.3998685308381870E-004
   1.2071369529471974E-004
  -7.4716323877939449E-005
   2.6718956451232727E-004
   1.0208059033036559E-004
  -9.3708678599613857E-005
   2.9396901181364841E-004
   8.7089752148453159E-005
  -1.1654944435532302E-004
   3.1966579611933355E-004
   7.6110304936760414E-005
  -1.4267620568800596E-004
   3.4364717731703907E-004
   6.9412599124335787E-005
  -1.7144563502390244E-004
   3.6532265421203633E-004
   6.7161554456692191E-005
   3.2405586607347917E-004
  -1.6601322570403506E-004
  -4.5090283831610142E-004
   3.0317634070467416E-004
  -1.3753342594029504E-004
  -4.4345166452768844E-004
   2.8098743734556353E-004
  -1.1182292648506461E-004
  -4.3123706872933836E-004
   2.5803552043759666E-004
  -8.9514805163187205E-005
  -4.1455981480752581E-004
   2.3488574234809283E-004
  -7.1158361958017390E-005
  -3.9383055210243838E-004
   2.1210812744332425E-004
  -5.7205593422808619E-005
  -3.6955970385835381E-004
   1.9026353619681609E-004
  -4.8000063025481753E-005
  -3.4234489890936883E-004
   1.6988985494309928E-004
  -4.3768441475822660E-005
  -3.1285625607408666E-004
   1.5148875133101192E-004
  -4.4614925340330785E-005
  -2.8181988360630655E-004
   1.3551332160124507E-004
  -5.0518671376943047E-005
  -2.5000000000000001E-004
   1.2235693385315703E-004
  -6.1334309764828228E-005
  -2.1818011639369351E-004
   1.1234354201665366E-004
  -7.6795523591830780E-005
  -1.8714374392591340E-004
   1.0571970903129157E-004
  -9.6521606460703101E-005
  -1.5765510109063123E-004
   1.0264853564841180E-004
  -1.2002683674409797E-004
  -1.3044029614164620E-004
   1.0320564434934101E-004
  -1.4673243766305118E-004
  -1.0616944789756168E-004
   1.0737731726892443E-004
  -1.7598082869213022E-004
  -8.5440185192474198E-005
   1.1506083397489332E-004
  -2.0705181737435460E-004
  -6.8762931270661704E-005
   1.2606700078581683E-004
  -2.3918033284966848E-004
  -5.6548335472311566E-005
   1.4012480934743644E-004
  -2.7157526443864012E-004
  -4.9097161683898645E-005
   1.5688810975777339E-004
  -3.0343894141293497E-004
  -4.6592882533121592E-005
   1.7594413392652084E-004
  -3.3398677429596489E-004
  -4.9097161683898591E-005
   1.9682365929532585E-004
  -3.6246657405970497E-004
  -5.6548335472311512E-005
   2.1901256265443648E-004
  -3.8817707351493537E-004
  -6.8762931270661650E-005
   2.4196447956240335E-004
  -4.1048519483681285E-004
  -8.5440185192474198E-005
   2.6511425765190708E-004
  -4.2884163804198265E-004
  -1.0616944789756163E-004
   2.8789187255667576E-004
  -4.4279440657719139E-004
  -1.3044029614164615E-004
   3.0973646380318392E-004
  -4.5199993697451828E-004
  -1.5765510109063113E-004
   3.3011014505690073E-004
  -4.5623155852417735E-004
  -1.8714374392591335E-004
   3.4851124866898809E-004
  -4.5538507465966923E-004
  -2.1818011639369346E-004
   3.6448667839875494E-004
  -4.4948132862305699E-004
  -2.4999999999999995E-004
   3.7764306614684298E-004
  -4.3866569023517178E-004
  -2.8181988360630650E-004
   3.8765645798334635E-004
  -4.2320447640816926E-004
  -3.1285625607408661E-004
   3.9428029096870844E-004
  -4.0347839353929688E-004
  -3.4234489890936878E-004
   3.9735146435158821E-004
  -3.7997316325590210E-004
  -3.6955970385835375E-004
   3.9679435565065900E-004
  -3.5326756233694881E-004
  -3.9383055210243833E-004
   3.9262268273107558E-004
  -3.2401917130786979E-004
  -4.1455981480752581E-004
   3.8493916602510658E-004
  -2.9294818262564542E-004
  -4.3123706872933831E-004
   3.7393299921418318E-004
  -2.6081966715033159E-004
  -4.4345166452768844E-004
   3.5987519065256357E-004
  -2.2842473556135997E-004
  -4.5090283831610137E-004
   3.4311189024222662E-004
  -1.9656105858706509E-004
  -4.5340711746687842E-004
   3.2411711555189256E-004
  -1.3521898278998792E-004
   6.4981159687716372E-005
   2.9704938135539352E-004
  -1.1235364987707564E-004
   7.1843220696174263E-005
   2.6882313524198044E-004
  -9.2877626926235127E-005
   8.3092092879544005E-005
   2.4013340106850546E-004
  -7.7270478259730373E-005
   9.8450791671804644E-005
   2.1168661530608819E-004
  -6.5916503674887561E-005
   1.1754113493609179E-004
   1.8418323222966896E-004
  -5.9095275707666715E-005
   1.3989305506402190E-004
   1.5830047640908406E-004
  -5.6974755628978578E-005
   1.6495617360027528E-004
   1.3467566719257821E-004
  -5.9607157680763100E-005
   1.9211335338676803E-004
   1.1389052578930831E-004
  -6.6927663388063739E-005
   2.2069589452764415E-004
   9.6456851362552152E-005
  -7.8756017605001363E-005
   2.5000000000000001E-004
   8.2803918835744903E-005
  -9.4800966994697830E-005
   2.7930410547235586E-004
   7.3267908719181624E-005
  -1.1466743165304490E-004
   3.0788664661323198E-004
   6.8083629230135259E-005
  -1.3786623328713784E-004
   3.3504382639972462E-004
   6.7378734535263442E-005
  -1.6382614040833687E-004
   3.6010694493597811E-004
   7.1170581481364969E-005
  -1.9190793394732584E-004
   3.8245886506390811E-004
   7.9365802212208632E-005
  -2.2142014694904544E-004
   4.0154920832819537E-004
   9.1762603195022691E-005
  -2.5163609078397372E-004
   4.1690790712045601E-004
   1.0805573404698663E-004
  -2.8181174863392658E-004
   4.2815677930382575E-004
   1.2784400381272380E-004
  -3.1120409565537141E-004
   4.3501884031228364E-004
   1.5064015961709987E-004
  -3.3908939471703325E-004
   4.3732512342992667E-004
   1.7588288444810745E-004
  -3.6478101721001206E-004
   4.3501884031228364E-004
   2.0295061864460649E-004
  -3.8764635012292431E-004
   4.2815677930382575E-004
   2.3117686475801957E-004
  -4.0712237307376491E-004
   4.1690790712045601E-004
   2.5986659893149455E-004
  -4.2272952174026964E-004
   4.0154920832819537E-004
   2.8831338469391182E-004
  -4.3408349632511245E-004
   3.8245886506390822E-004
   3.1581676777033105E-004
  -4.4090472429233324E-004
   3.6010694493597822E-004
   3.4169952359091585E-004
  -4.4302524437102146E-004
   3.3504382639972473E-004
   3.6532433280742180E-004
  -4.4039284231923688E-004
   3.0788664661323198E-004
   3.8610947421069170E-004
  -4.3307233661193630E-004
   2.7930410547235586E-004
   4.0354314863744786E-004
  -4.2124398239499865E-004
   2.5000000000000001E-004
   4.1719608116425511E-004
  -4.0519903300530218E-004
   2.2069589452764426E-004
   4.2673209128081839E-004
  -3.8533256834695511E-004
   1.9211335338676803E-004
   4.3191637076986475E-004
  -3.6213376671286220E-004
   1.6495617360027539E-004
   4.3262126546473668E-004
  -3.3617385959166320E-004
   1.3989305506402190E-004
   4.2882941851863504E-004
  -3.0809206605267417E-004
   1.1754113493609190E-004
   4.2063419778779138E-004
  -2.7857985305095457E-004
   9.8450791671804644E-005
   4.0823739680497732E-004
  -2.4836390921602634E-004
   8.3092092879544005E-005
   3.9194426595301349E-004
  -2.1818825136607348E-004
   7.1843220696174263E-005
   3.7215599618727621E-004
  -1.8879590434462860E-004
   6.4981159687716372E-005
   3.4935984038290014E-004
  -1.6091060528296684E-004
   6.2674876570073339E-005
   3.1695009343909899E-004
   3.5371092819964217E-004
  -4.4406629887866819E-004
   2.9094915663823774E-004
   3.7768422913057420E-004
  -4.3686868170442065E-004
   2.6393991569848387E-004
   3.9851352058065017E-004
  -4.2506973740501230E-004
   2.3658742777030563E-004
   4.1568591626591422E-004
  -4.0895999514754550E-004
   2.0956520188419739E-004
   4.2877857481268133E-004
  -3.8893613025156842E-004
   1.8353861492310150E-004
   4.3746911151548761E-004
  -3.6549119672621758E-004
   1.5914852783529003E-004
   4.4154353651847220E-004
  -3.3920248664416050E-004
   1.3699550551092283E-004
   4.4090152395582030E-004
  -3.1071731529484401E-004
   1.1762502888129211E-004
   4.3555888230754208E-004
  -2.8073708213375204E-004
   1.0151406336794536E-004
   4.2564716514222902E-004
  -2.5000000000000001E-004
   8.9059314411050203E-005
   4.1141043183159454E-004
  -2.1926291786624798E-004
   8.0567459264867486E-005
   3.9319923799875536E-004
  -1.8928268470515600E-004
   7.6247595585947629E-005
   3.7146200367536321E-004
  -1.6079751335583957E-004
   7.6206092754871053E-005
   3.4673397171220473E-004
  -1.3450880327378243E-004
   8.0443972709079003E-005
   3.1962402832384573E-004
  -1.1106386974843159E-004
   8.8856884779381709E-005
   2.9079971028925136E-004
  -9.1040004852454507E-005
   1.0123767514975382E-004
   2.6097076798086035E-004
  -7.4930262594987763E-005
   1.1728148767178935E-004
   2.3087168895488908E-004
  -6.3131318295579363E-005
   1.3659327043483475E-004
   2.0124361243007319E-004
  -5.5933701121331871E-005
   1.5869750325513154E-004
   1.7281607998040211E-004
  -5.3514640294597023E-005
   1.8304990656090102E-004
   1.4628907180035781E-004
  -5.5933701121331817E-005
   2.0905084336176217E-004
   1.2231577086942581E-004
  -6.3131318295579308E-005
   2.3606008430151614E-004
   1.0148647941934984E-004
  -7.4930262594987708E-005
   2.6341257222969438E-004
   8.4314083734085779E-005
  -9.1040004852454507E-005
   2.9043479811580262E-004
   7.1221425187318704E-005
  -1.1106386974843154E-004
   3.1646138507689841E-004
   6.2530888484512429E-005
  -1.3450880327378238E-004
   3.4085147216470998E-004
   5.8456463481527813E-005
  -1.6079751335583946E-004
   3.6300449448907707E-004
   5.9098476044179657E-005
  -1.8928268470515594E-004
   3.8237497111870790E-004
   6.4441117692457927E-005
  -2.1926291786624792E-004
   3.9848593663205465E-004
   7.4352834857771018E-005
  -2.4999999999999995E-004
   4.1094068558894970E-004
   8.8589568168405473E-005
  -2.8073708213375204E-004
   4.1943254073513252E-004
   1.0680076200124462E-004
  -3.1071731529484401E-004
   4.2375240441405238E-004
   1.2853799632463674E-004
  -3.3920248664416044E-004
   4.2379390724512896E-004
   1.5326602828779528E-004
  -3.6549119672621758E-004
   4.1955602729092101E-004
   1.8037597167615429E-004
  -3.8893613025156842E-004
   4.1114311522061830E-004
   2.0920028971074865E-004
  -4.0895999514754550E-004
   3.9876232485024619E-004
   2.3902923201913961E-004
  -4.2506973740501225E-004
   3.8271851232821066E-004
   2.6912831104511088E-004
  -4.3686868170442065E-004
   3.6340672956516526E-004
   2.9875638756992679E-004
  -4.4406629887866814E-004
   3.4130249674486847E-004
   3.2718392001959787E-004
  -4.4648535970540299E-004
   2.9933957997840030E-004
   3.2998896419623270E-004
   4.0077701388421209E-005
   2.7618877230126625E-004
   3.5655956215987334E-004
   4.7863392930304382E-005
   2.5239311013452266E-004
   3.8050631005222680E-004
   6.0626358591180660E-005
   2.2853852165399010E-004
   4.0123955946548350E-004
   7.8052331798624712E-005
   2.0521238599689924E-004
   4.1824878898937923E-004
   9.9712227258780001E-005
   1.8298907003813365E-004
   4.3111517494263951E-004
   1.2507270646034579E-004
   1.6241578557155524E-004
   4.3952190420200814E-004
   1.5350931023877458E-004
   1.4399911513954754E-004
   4.4326197519278457E-004
   1.8432183503336416E-004
   1.2819253828957183E-004
   4.4224329495459210E-004
   2.1675157422276488E-004
   1.1538526540269534E-004
   4.3649094677570069E-004
   2.5000000000000001E-004
   1.0589265404229462E-004
   4.2614657255922390E-004
   2.8324842577723513E-004
   9.9948443804233908E-005
   4.1146488512938103E-004
   3.1567816496663585E-004
   9.7699000872276671E-005
   3.9280739635642187E-004
   3.4649068976122543E-004
   9.9199713996881052E-005
   3.7063351553459184E-004
   3.7492729353965411E-004
   1.0441363064033783E-004
   3.4548923720061574E-004
   4.0028777274122001E-004
   1.1321236687088785E-004
   3.1799369693615140E-004
   4.2194766820137530E-004
   1.2537926860120368E-004
   2.8882392619497641E-004
   4.3937364140881935E-004
   1.4061474633105312E-004
   2.5869818154165733E-004
   4.5213660706969563E-004
   1.5854365203507570E-004
   2.2835825879117315E-004
   4.5992229861157880E-004
   1.7872451655221160E-004
   1.9855122753407149E-004
   4.6253900646947880E-004
   2.0066042002159972E-004
   1.7001103580376734E-004
   4.5992229861157880E-004
   2.2381122769873376E-004
   1.4344043784012667E-004
   4.5213660706969563E-004
   2.4760688986547735E-004
   1.1949368994777325E-004
   4.3937364140881935E-004
   2.7146147834600991E-004
   9.8760440534516536E-005
   4.2194766820137530E-004
   2.9478761400310077E-004
   8.1751211010620757E-005
   4.0028777274122001E-004
   3.1701092996186636E-004
   6.8884825057360499E-005
   3.7492729353965422E-004
   3.3758421442844477E-004
   6.0478095797991894E-005
   3.4649068976122554E-004
   3.5600088486045236E-004
   5.6738024807215416E-005
   3.1567816496663585E-004
   3.7180746171042818E-004
   5.7756705045407914E-005
   2.8324842577723513E-004
   3.8461473459730467E-004
   6.3509053224299322E-005
   2.5000000000000001E-004
   3.9410734595770539E-004
   7.3853427440776105E-005
   2.1675157422276499E-004
   4.0005155619576610E-004
   8.8535114870618949E-005
   1.8432183503336416E-004
   4.0230099912772334E-004
   1.0719260364357814E-004
   1.5350931023877458E-004
   4.0080028600311896E-004
   1.2936648446540817E-004
   1.2507270646034590E-004
   3.9558636935966228E-004
   1.5451076279938430E-004
   9.9712227258780001E-005
   3.8678763312911216E-004
   1.8200630306384864E-004
   7.8052331798624712E-005
   3.7462073139879633E-004
   2.1117607380502357E-004
   6.0626358591180660E-005
   3.5938525366894689E-004
   2.4130181845834268E-004
   4.7863392930304382E-005
   3.4145634796492442E-004
   2.7164174120882683E-004
   4.0077701388421209E-005
   3.2127548344778852E-004
   3.0144877246592847E-004
   3.7460993530521211E-005
  -2.4523212943567752E-004
  -1.9413519921256396E-004
  -4.7305914676166121E-004
  -2.5307550484368531E-004
  -1.6070912785599365E-004
  -4.6193593323116987E-004
  -2.6084317021760956E-004
  -1.2948175149238192E-004
  -4.4559373251711255E-004
  -2.6834383997368630E-004
  -1.0122191433473881E-004
  -4.2443543244624990E-004
  -2.7539282324192359E-004
  -7.6625492395204883E-005
  -3.9898194258583547E-004
  -2.8181655103695001E-004
  -5.6298125150181947E-005
  -3.6986002444891079E-004
  -2.8745684972409264E-004
  -4.0740341140114217E-005
  -3.3778675448501648E-004
  -2.9217483646512988E-004
  -3.0335224382969328E-005
  -3.0355188331053035E-004
  -2.9585433876086649E-004
  -2.5338983434647950E-005
  -2.6799838703621290E-004
  -2.9840475505472957E-004
  -2.5874642319995952E-005
  -2.3200171074033360E-004
  -2.9976328563292837E-004
  -3.1929011341072536E-005
  -1.9644821205887944E-004
  -2.9989647896397619E-004
  -4.3353011839011010E-005
  -1.6221333612473159E-004
  -2.9880105538600997E-004
  -5.9865347007513236E-005
  -1.3014005920242741E-004
  -2.9650398786302314E-004
  -8.1059428353424831E-005
  -1.0101813181489627E-004
  -2.9306183782096159E-004
  -1.0641338725488728E-004
  -7.5564632464555321E-005
  -2.8855936241770178E-004
  -1.3530292509878107E-004
  -5.4406310780731127E-005
  -2.8310742754053130E-004
  -1.6701668558451044E-004
  -3.8064154863723170E-005
  -2.7684027792006032E-004
  -2.0077377067698003E-004
  -2.6940562828714132E-005
  -2.6991223157942217E-004
  -2.3574296890787092E-004
  -2.1309434428691444E-005
  -2.6249388001239079E-004
  -2.7106322256062346E-004
  -2.1309426733507291E-005
  -2.5476788765464394E-004
  -3.0586482976910562E-004
  -2.6940539932642642E-005
  -2.4692449407912775E-004
  -3.3929085946393211E-004
  -3.8064117330541584E-005
  -2.3915682966640247E-004
  -3.7051825185938390E-004
  -5.4406259534630942E-005
  -2.3165616009370954E-004
  -3.9877808491691136E-004
  -7.5564568767385644E-005
  -2.2460717673922367E-004
  -4.2337450775762942E-004
  -1.0101805723509275E-004
  -2.1818344896736691E-004
  -4.4370187482035235E-004
  -1.3013997557639233E-004
  -2.1254315027501253E-004
  -4.5925965886533241E-004
  -1.6221324551161576E-004
  -2.0782516353504442E-004
  -4.6966477561605717E-004
  -1.9644811668987770E-004
  -2.0414566123910100E-004
  -4.7466101656552112E-004
  -2.3200161296374591E-004
  -2.0159524494527627E-004
  -4.7412535767997542E-004
  -2.6799828925966866E-004
  -2.0023671436707061E-004
  -4.6807098865893224E-004
  -3.0355178794112098E-004
  -2.0010352103602401E-004
  -4.5664698816098826E-004
  -3.3778666387526820E-004
  -2.0119894461399006E-004
  -4.4013465299248692E-004
  -3.6985994079757266E-004
  -2.0349601213697684E-004
  -4.1894057164657521E-004
  -3.9898186818510374E-004
  -2.0693816217903847E-004
  -3.9358661274511276E-004
  -4.2443536753544470E-004
  -2.1144063758229823E-004
  -3.6469707490121894E-004
  -4.4559368921926883E-004
  -2.1689257245946877E-004
  -3.3298331441548954E-004
  -4.6193584513627684E-004
  -2.2315972207993966E-004
  -2.9922622932301998E-004
  -4.7305943717128589E-004
  -2.3008776842057787E-004
  -2.6425703109212909E-004
  -4.7869056557130858E-004
  -2.3750611234329730E-004
  -2.2893668837468565E-004
  -4.7869092946795306E-004
  -2.1009992527716256E-004
  -1.3443753992537381E-004
   5.5186516458971038E-005
  -2.3820853063793703E-004
  -1.1399059310179309E-004
   6.4901213244577901E-005
  -2.6660759112560135E-004
  -9.6892832638304855E-005
   7.9174024272739686E-005
  -2.9459770780454090E-004
  -8.3565041530758111E-005
   9.7653078830477405E-005
  -3.2148968109582416E-004
  -7.4335438618035432E-005
   1.1988342938983799E-004
  -3.4662134138406319E-004
  -6.9431278885877641E-005
   1.4531768035876570E-004
  -3.6937386350699208E-004
  -6.8973320575749423E-005
   1.7332955766095239E-004
  -3.8918700494931997E-004
  -7.2972839865431113E-005
   2.0322931567987048E-004
  -4.0557290039068783E-004
  -8.1331355363962511E-005
   2.3428072317343326E-004
  -4.1812807470836919E-004
  -9.3843052671438570E-005
   2.6571919143132558E-004
  -4.2654337784149142E-004
  -1.1019985227752108E-004
   2.9677060102721283E-004
  -4.3061159709830435E-004
  -1.2999899549059234E-004
   3.2667036320308343E-004
  -4.3023255941902733E-004
  -1.5275296169519031E-004
   3.5468224658254642E-004
  -4.2541559796928379E-004
  -1.7790147272726844E-004
   3.8011650563068939E-004
  -4.1627932232654396E-004
  -2.0482528878209473E-004
   4.0234686447828056E-004
  -4.0304869791869282E-004
  -2.3286145615337671E-004
   4.2082593791216113E-004
  -3.8604950662857629E-004
  -2.6131963135372856E-004
   4.3509870981586031E-004
  -3.6570032496283875E-004
  -2.8949907966244903E-004
   4.4481373717649493E-004
  -3.4250221730915245E-004
  -3.1670592953995019E-004
   4.4973180377811880E-004
  -3.1702639806805653E-004
  -3.4227025804789028E-004
   4.4973181049887275E-004
  -2.8990016645866331E-004
  -3.6556258657526156E-004
   4.4481375717326946E-004
  -2.6179146032999725E-004
  -3.8600938069091373E-004
   4.3509874259626847E-004
  -2.3339240931439357E-004
  -4.0310717246470039E-004
   4.2082598266904037E-004
  -2.0540229229890297E-004
  -4.1643495751883330E-004
   4.0234692010956806E-004
  -1.7851031885831930E-004
  -4.2566456155289692E-004
   3.8011657076655821E-004
  -1.5337865862809287E-004
  -4.3056872108427317E-004
   3.5468231961913529E-004
  -1.3062613649029016E-004
  -4.3102667942932708E-004
   3.2667044234198898E-004
  -1.1081299505123552E-004
  -4.2702716013372682E-004
   2.9677068431977323E-004
  -9.4427099609205022E-005
  -4.1866864463617373E-004
   2.6571927682660269E-004
  -8.1871925291650648E-005
  -4.0615694732853996E-004
   2.3428080856867248E-004
  -7.3456622158505104E-005
  -3.8980014772248218E-004
   2.0322939897278688E-004
  -6.9388402901696334E-005
  -3.7000100450940718E-004
   1.7332963679691675E-004
  -6.9767440580972622E-005
  -3.4724703830480975E-004
   1.4531775341745362E-004
  -7.4584402030716243E-005
  -3.2209852727273154E-004
   1.1988349436931067E-004
  -8.3720677673455971E-005
  -2.9517471121790536E-004
   9.7653135521719438E-005
  -9.6951302081307181E-005
  -2.6713854384662338E-004
   7.9174062087838896E-005
  -1.1395049337142362E-004
  -2.3868036864627148E-004
   6.4901290184139692E-005
  -1.3429967503716117E-004
  -2.1050092033755104E-004
   5.5186262823505055E-005
  -1.5749778269084748E-004
  -1.8329407046004979E-004
   5.0268196221881185E-005
  -1.8297353811095254E-004
  -1.5772955751652181E-004
   5.0267878404952432E-005
  -1.6353275699014405E-004
   3.2897680915561591E-004
  -4.4795219375558915E-004
  -1.7749506464286840E-004
   3.6075981982456180E-004
  -4.3808097999036613E-004
  -1.9324286049920251E-004
   3.8981545447071427E-004
  -4.2357821456197336E-004
  -2.1038818017907041E-004
   4.1542839560511959E-004
  -4.0480143729920758E-004
  -2.2850887778138156E-004
   4.3696793457277309E-004
  -3.8221292555353864E-004
  -2.4715875770171629E-004
   4.5390370371576645E-004
  -3.5636889420460427E-004
  -2.6587859848489342E-004
   4.6581868671725793E-004
  -3.2790570745597024E-004
  -2.8420745547159910E-004
   4.7241949743471768E-004
  -2.9752422366427175E-004
  -3.0169401137646425E-004
   4.7354360194945598E-004
  -2.6597253575836270E-004
  -3.1790768915878600E-004
   4.6916332108688926E-004
  -2.3402755101271201E-004
  -3.3244925426127833E-004
   4.5938651189757006E-004
  -2.0247586097060723E-004
  -3.4496064509048093E-004
   4.4445391187137917E-004
  -1.7209437295498202E-004
  -3.5513378968124150E-004
   4.2473321117937499E-004
  -1.4363118003115849E-004
  -3.6271819145100668E-004
   4.0070999892185508E-004
  -1.1778714047284171E-004
  -3.6752709725701812E-004
   3.7297580631306899E-004
  -9.5198620305407577E-005
  -3.6944209587848846E-004
   3.4221354121955323E-004
  -7.6421823862378525E-005
  -3.6841603369384117E-004
   3.0918067270201480E-004
  -6.1919098188796640E-005
  -3.6447417575936729E-004
   2.7469057961316070E-004
  -5.2047548522532562E-005
  -3.5771358369968999E-004
   2.3959252251089483E-004
  -4.7050245178164722E-005
  -3.4830072572843742E-004
   2.0475073204484820E-004
  -4.7050238349130287E-005
  -3.3646737764834626E-004
   1.7102312872956796E-004
  -5.2047528203582840E-005
  -3.2250491576177884E-004
   1.3924019809417415E-004
  -6.1919064880251617E-005
  -3.0675714221913708E-004
   1.1018454137240940E-004
  -7.6421778384405046E-005
  -2.8961181946890457E-004
   8.4571605262959680E-005
  -9.5198563777824303E-005
  -2.7149112225925595E-004
   6.3032065257301057E-005
  -1.1778707428754546E-004
  -2.5284124229463890E-004
   4.6096296316007715E-005
  -1.4363110581785081E-004
  -2.3412140151518536E-004
   3.4181313277008884E-005
  -1.7209429254104106E-004
  -2.1579254452847496E-004
   2.7580502566286316E-005
  -2.0247577633609036E-004
  -1.9830598862350938E-004
   2.6456398050372837E-005
  -2.3402746424160077E-004
  -1.8209231084122067E-004
   3.0836678913139182E-005
  -2.6597244898728995E-004
  -1.6755074573872024E-004
   4.0613488102425305E-005
  -2.9752413902939311E-004
  -1.5503935490951938E-004
   5.5546088128621574E-005
  -3.2790562704501777E-004
  -1.4486621031875851E-004
   7.5266788820624902E-005
  -3.5636881996884150E-004
  -1.3728180854899333E-004
   9.9290001078144904E-005
  -3.8221285952715826E-004
  -1.3247290274298189E-004
   1.2702419368693105E-004
  -4.0480137969459243E-004
  -1.3055790412151155E-004
   1.5778645878044669E-004
  -4.2357817613762150E-004
  -1.3158396630615887E-004
   1.9081932729798516E-004
  -4.3808090181120338E-004
  -1.3552582424063272E-004
   2.2530942038683928E-004
  -4.4795245147746744E-004
  -1.4228641630030994E-004
   2.6040747748910516E-004
  -4.5294975482183532E-004
  -1.5169913615393230E-004
   2.9524939392920304E-004
  -4.5295007775922715E-004
  -2.1799193788706535E-004
   3.9236221838894234E-004
   7.2215089937497851E-005
  -2.5016931564172864E-004
   4.0609412452913382E-004
   8.1080628723214675E-005
  -2.8234262532702615E-004
   4.1598223416325960E-004
   9.4105858696305475E-005
  -3.1371954521552091E-004
   4.2178335520601408E-004
   1.1096966603074781E-004
  -3.4352747795597481E-004
   4.2335459186006847E-004
   1.3125686999125523E-004
  -3.7103245413568157E-004
   4.2065726453976380E-004
   1.5446792262902400E-004
  -3.9555720951056753E-004
   4.1375778874811327E-004
   1.8003129224970156E-004
  -4.1649786333392404E-004
   4.0282605275623461E-004
   2.0731752364222425E-004
  -4.3333878718240115E-004
   3.8813123213848790E-004
   2.3565473926105240E-004
  -4.4566530162485160E-004
   3.7003516215522670E-004
   2.6434518280807248E-004
  -4.5317388696521413E-004
   3.4898342810568548E-004
   2.9268240034546164E-004
  -4.5567965691305326E-004
   3.2549439354904140E-004
   3.1996863553157920E-004
  -4.5312091109604198E-004
   3.0014643647168930E-004
   3.4553201069832055E-004
  -4.4556065432819206E-004
   2.7356370770192354E-004
   3.6874307070910344E-004
  -4.3318504522218059E-004
   2.4640076224507416E-004
   3.8903028223337036E-004
  -4.1629881234648956E-004
   2.1932644196693630E-004
   4.0589410679399895E-004
  -3.9531775079671241E-004
   1.9300740648727519E-004
   4.1891930106248177E-004
  -3.7075848394035567E-004
   1.6809171780747087E-004
   4.2778514152778724E-004
  -3.4322574243495657E-004
   1.4519288287325014E-004
   4.3227332177362191E-004
  -3.1339747375230820E-004
   1.2487474699756951E-004
   4.3227332790691722E-004
  -2.8200814886172567E-004
   1.0763761011771511E-004
   4.2778515977665114E-004
  -2.4983067711721173E-004
   9.3905907750446577E-005
   4.1891933097756672E-004
  -2.1765737466402247E-004
   8.4017759980953364E-005
   4.0589414763869620E-004
  -1.8628045498562447E-004
   7.8216645824201326E-005
   3.8903033300194780E-004
  -1.5647252197852605E-004
   7.6645407963523785E-005
   3.6874313015147037E-004
  -1.2896754588021987E-004
   7.9342735489690161E-005
   3.4553207735080866E-004
  -1.0444279048602836E-004
   8.6242211247089393E-005
   3.1996870775298270E-004
  -8.3502136666753260E-005
   9.7173947244527038E-005
   2.9268247635745061E-004
  -6.6661212817470655E-005
   1.1186876786139450E-004
   2.6434526073898046E-004
  -5.4334698375171751E-005
   1.2996483784479093E-004
   2.3565481719192575E-004
  -4.6826113034781820E-005
   1.5101657189431201E-004
   2.0731759965453804E-004
  -4.4320343086947418E-005
   1.7450560645095891E-004
   1.8003136446842095E-004
  -4.6879088903957956E-005
   1.9985356352831066E-004
   1.5446798930167941E-004
  -5.4439345671808003E-005
   2.2643629229807642E-004
   1.3125692929089660E-004
  -6.6814954777819389E-005
   2.5359923775492580E-004
   1.1096971776662965E-004
  -8.3701187653510437E-005
   2.8067355803306366E-004
   9.4105893206001059E-005
  -1.0468224920328763E-004
   3.0699259351272482E-004
   8.1080698937518244E-005
  -1.2924151605964434E-004
   3.3190828219252912E-004
   7.2214858472212747E-005
  -1.5677425756504344E-004
   3.5480711712674987E-004
   6.7726678226378117E-005
  -1.8660247501148030E-004
   3.7512548025594382E-004
   6.7726388189707790E-005
   3.1381220873860448E-004
  -1.5147052864902179E-004
  -4.4778507729850573E-004
   2.9221171401800451E-004
  -1.2429169709147719E-004
  -4.3792219707200367E-004
   2.6957168186888462E-004
  -1.0020836455619846E-004
  -4.2343167526026556E-004
   2.4644974765862602E-004
  -7.9813366618230501E-005
  -4.0467074984754537E-004
   2.2341523062647839E-004
  -6.3608935140110751E-005
  -3.8210130791859381E-004
   2.0103531895543185E-004
  -5.1994068968424217E-005
  -3.5627909478179361E-004
   1.7986108025017537E-004
  -4.5254766205680341E-005
  -3.2783993740528476E-004
   1.6041389451931513E-004
  -4.3556970565801896E-005
  -2.9748410246261325E-004
   1.4317261602671914E-004
  -4.6942487463334460E-005
  -2.6595905132287381E-004
   1.2856178226682970E-004
  -5.5327954227474795E-005
  -2.3404103537494643E-004
   1.1694116045796730E-004
  -6.8506892838227380E-005
  -2.0251598210081474E-004
   1.0859688887558130E-004
  -8.6154794088357192E-005
  -1.7216014293778252E-004
   1.0373443117910222E-004
  -1.0783710807909985E-004
  -1.4372097939129738E-004
   1.0247351721458523E-004
  -1.3301994428052235E-004
  -1.1789875805204533E-004
   1.0484519486857095E-004
  -1.6108321768830501E-004
  -9.5329307708438382E-005
   1.1079106556607125E-004
  -1.9133591737448345E-004
  -7.6568363131647408E-005
   1.2016472223730025E-004
  -2.2303312146982999E-004
  -6.2077881041158224E-005
   1.3273535434562935E-004
  -2.5539433961252803E-004
  -5.2214665197191545E-005
   1.4819343120901535E-004
  -2.8762273121117892E-004
  -4.7221580707962559E-005
   1.6615832367266597E-004
  -3.1892472630472426E-004
  -4.7221573884693389E-005
   1.8618767646206631E-004
  -3.4852956588859541E-004
  -5.2214644895395601E-005
   2.0778830043793043E-004
  -3.7570828055940789E-004
  -6.2077847760733110E-005
   2.3042831654961169E-004
  -3.9979164016098383E-004
  -7.6568317692067683E-005
   2.5355025246253483E-004
  -4.2018663245184428E-004
  -9.5329251228577284E-005
   2.7658476937721799E-004
  -4.3639106503468961E-004
  -1.1789869192262445E-004
   2.9896468104004297E-004
  -4.4800593099990159E-004
  -1.4372090524064247E-004
   3.2013891975120253E-004
  -4.5474523379988678E-004
  -1.7216006259172909E-004
   3.3958610548035845E-004
  -4.5644302943324567E-004
  -2.0251589753774859E-004
   3.5682738397334985E-004
  -4.5305751253682449E-004
  -2.3404094867708969E-004
   3.7143821773315673E-004
  -4.4467204577249936E-004
  -2.6595896462505556E-004
   3.8305883954203526E-004
  -4.3149310716177676E-004
  -2.9748401789918559E-004
   3.9140311112441828E-004
  -4.1384520591164215E-004
  -3.2783985706221733E-004
   3.9626556882089786E-004
  -3.9216289192090030E-004
  -3.5627902060870266E-004
   3.9752648278541477E-004
  -3.6698005571947763E-004
  -3.8210124194795465E-004
   3.9515480513142907E-004
  -3.3891678231169495E-004
  -4.0467069229156163E-004
   3.8920893443392872E-004
  -3.0866408262551656E-004
  -4.2343163686835259E-004
   3.7983527776269969E-004
  -2.7696687853017002E-004
  -4.3792211895884179E-004
   3.6726464565437064E-004
  -2.4460566038747204E-004
  -4.4778533480280849E-004
   3.5180656879098466E-004
  -2.1237726878882123E-004
  -4.5277841929203743E-004
   3.3384177830251389E-004
  -1.8107511648315591E-004
  -4.5277874195679703E-004
   3.1077000461254942E-004
  -1.2339724537143226E-004
   6.7852420903741494E-005
   2.8303788575024087E-004
  -1.0216110368350103E-004
   7.6935511401324155E-005
   2.5449211695672159E-004
  -8.4565448709662350E-005
   9.0280367868256158E-005
   2.2583575356953294E-004
  -7.1043300740057441E-005
   1.0755799665708027E-004
   1.9777439285963185E-004
  -6.1927668388570191E-005
   1.2834302890047685E-004
   1.7099899989385535E-004
  -5.7442999595707460E-005
   1.5212365822812377E-004
   1.4616887378462624E-004
  -5.7699723465175664E-005
   1.7831432811294290E-004
   1.2389541458481410E-004
  -6.2691518307413671E-005
   2.0627013712429848E-004
   1.0472706879832231E-004
  -7.2295469617458200E-005
   2.3530272049418984E-004
   8.9135824710539111E-005
  -8.6275096231842614E-005
   2.6469719966258702E-004
   7.7505590496108767E-005
  -1.0428617334899412E-004
   2.9372978499811909E-004
   7.0122741119762067E-005
  -1.2588520847472840E-004
   3.2168559789616053E-004
   6.7169066835447570E-005
  -1.5054036168119639E-004
   3.4787627346313858E-004
   6.8717296906722420E-005
  -1.7764454127068753E-004
   3.7165691034472619E-004
   7.4729308770951741E-005
  -2.0653035238809452E-004
   3.9244195033748952E-004
   8.5057066743314809E-005
  -2.3648653049719581E-004
   4.0971959677521395E-004
   9.9446267146668376E-005
  -2.6677545507409014E-004
   4.2306441666138152E-004
   1.1754260011206355E-004
  -2.9665131227251692E-004
   4.3214781624147688E-004
   1.3890047386360652E-004
  -3.2537845933596556E-004
   4.3674613207176326E-004
   1.6299398666681534E-004
  -3.5224953856379882E-004
   4.3674613835556372E-004
   1.8922987627469030E-004
  -3.7660289480542834E-004
   4.3214783493815022E-004
   2.1696212801315990E-004
  -3.9783886760602996E-004
   4.2306444731055352E-004
   2.4550788180635629E-004
  -4.1543455683709955E-004
   4.0971963862220033E-004
   2.7416424645796588E-004
  -4.2895669823302373E-004
   3.9244200235187863E-004
   3.0222560716524418E-004
  -4.3807233179522049E-004
   3.7165697124575119E-004
   3.2900100009726111E-004
  -4.4255700037233530E-004
   3.4787634175121403E-004
   3.5383112621759620E-004
  -4.4230027654023778E-004
   3.2168567188980719E-004
   3.7610458541470271E-004
  -4.3730848169169187E-004
   2.9372986287536833E-004
   3.9527293120177477E-004
  -4.2770453038268595E-004
   2.6469727950584381E-004
   4.1086417528944240E-004
  -4.1372490376813479E-004
   2.3530280033741118E-004
   4.2249440950389464E-004
  -3.9571382665100932E-004
   2.0627021500188068E-004
   4.2987725888023735E-004
  -3.7411479152527115E-004
   1.7831440210383962E-004
   4.3283093316455262E-004
  -3.4945963831880373E-004
   1.5212372653686140E-004
   4.3128270309327762E-004
  -3.2235545872931254E-004
   1.2834308965527382E-004
   4.2527069122904828E-004
  -2.9346964761190543E-004
   1.0755804966251049E-004
   4.1494293325668516E-004
  -2.6351346950280420E-004
   9.0280403224786077E-005
   4.0055373285333167E-004
  -2.3322454492590993E-004
   7.6935583338618479E-005
   3.8245739988793651E-004
  -2.0334868772748309E-004
   6.7852183758523114E-005
   3.6109952613639349E-004
  -1.7462154066403451E-004
   6.3253867928236740E-005
   3.3700611047551854E-004
  -1.4775025937582953E-004
   6.3253570774348208E-005
   3.0411593214506875E-004
   3.6605423229359093E-004
  -4.4105463241071616E-004
   2.7752922401394720E-004
   3.8852476895066704E-004
  -4.3152737695786257E-004
   2.5026452112903374E-004
   4.0758418447741463E-004
  -4.1752995432115490E-004
   2.2299331914821136E-004
   4.2276339195539549E-004
  -3.9940744600369237E-004
   1.9638711027485995E-004
   4.3368858404730992E-004
  -3.7760602149610427E-004
   1.7110102861478307E-004
   4.4009075493245333E-004
  -3.5266251460333326E-004
   1.4775770152890763E-004
   4.4181226031167692E-004
  -3.2519111568460167E-004
   1.2693191914014604E-004
   4.3881071129629452E-004
  -2.9586826198042945E-004
   1.0913648134495183E-004
   4.3116001593472060E-004
  -2.6541597943465498E-004
   9.4809570877579495E-005
   4.1904855974641354E-004
  -2.3458410431291790E-004
   8.4303963822839948E-005
   4.0277456697695134E-004
  -2.0413181970538254E-004
   7.7878343092373388E-005
   3.8273875733882867E-004
  -1.7480896192446460E-004
   7.5690928794005805E-005
   3.5943447896034074E-004
  -1.4733755704571540E-004
   7.7795582327369535E-005
   3.3343556051763695E-004
  -1.2239404222961443E-004
   8.4140480137529606E-005
   3.0538218166823914E-004
  -1.0059260959371400E-004
   9.4569389782891099E-005
   2.7596510970324625E-004
  -8.2470082764316506E-005
   1.0882551689641845E-004
   2.4590869056410083E-004
  -6.8472698497180022E-005
   1.2655782831520336E-004
   2.1595301304154482E-004
  -5.8945118847616487E-005
   1.4732969568194781E-004
   1.8683568533337739E-004
  -5.4121944446822065E-005
   1.7062964668420716E-004
   1.5927367268264394E-004
  -5.4121937855742488E-005
   1.9588395920020166E-004
   1.3394564331388120E-004
  -5.8945099236672047E-005
   2.2247078824152967E-004
   1.1147525736905822E-004
  -6.8472666349257284E-005
   2.4973547784056687E-004
   9.2415810325071978E-005
  -8.2470038871004033E-005
   2.7700668085306809E-004
   7.7236609022823577E-005
  -1.0059255503581080E-004
   3.0361288975293174E-004
   6.6311415775255312E-005
  -1.2239397835051713E-004
   3.2889897137609826E-004
   5.9909245098759842E-005
  -1.4733748541833933E-004
   3.5224229847331188E-004
   5.8187739682978819E-005
  -1.7480888431251372E-004
   3.7306808085937811E-004
   6.1189288704597690E-005
  -2.0413173801992000E-004
   3.9086351865514295E-004
   6.8839984065134131E-005
  -2.3458402056530974E-004
   4.0519042912240253E-004
   8.0951440253609560E-005
  -2.6541589568708404E-004
   4.1569603617716327E-004
   9.7225433023045093E-005
  -2.9586818029461780E-004
   4.2212165690762603E-004
   1.1726124266117181E-004
  -3.2519103807553525E-004
   4.2430907120599433E-004
   1.4056552103965917E-004
  -3.5266244295428464E-004
   4.2220441767263045E-004
   1.6656443948236309E-004
  -3.7760595777038556E-004
   4.1585951986247043E-004
   1.9461781833176084E-004
  -3.9940739040628603E-004
   4.0543061021710891E-004
   2.2403489029675371E-004
  -4.1752991723568349E-004
   3.9117448310358155E-004
   2.5409130943589907E-004
  -4.3152730150282002E-004
   3.7344217168479668E-004
   2.8404698695845516E-004
  -4.4105488115238350E-004
   3.5267030431805217E-004
   3.1316431466662262E-004
  -4.4587805555317797E-004
   3.2937043982902238E-004
   3.4072651253002842E-004
  -4.4587836723795156E-004
   2.8788058938376051E-004
   3.4356179386616528E-004
   4.3335433159763745E-005
   2.6433505539379294E-004
   3.6889847961169003E-004
   5.3641103828390001E-005
   2.4043644448608632E-004
   3.9130735338851303E-004
   6.8782172378228736E-005
   2.1677332962981866E-004
   4.1023680206540381E-004
   8.8385362754872475E-005
   1.9392836528733375E-004
   4.2522068252089372E-004
   1.1196805161988264E-004
   1.7246407054585745E-004
   4.3589004948074765E-004
   1.3894954368017063E-004
   1.5290896776972568E-004
   4.4198218626005642E-004
   1.6866546674572705E-004
   1.3574456841947008E-004
   4.4334708450228898E-004
   2.0038411592385847E-004
   1.2139351698992611E-004
   4.3995113583475165E-004
   2.3332447283752822E-004
   1.1020918399189461E-004
   4.3187795979249700E-004
   2.6667543657238433E-004
   1.0246696482322552E-004
   4.1932634476160916E-004
   2.9961579571626912E-004
   9.8357498614657748E-005
   4.0260535316080317E-004
   3.3133444930423284E-004
   9.7981974062809343E-005
   3.8212671129704296E-004
   3.6105037881676427E-004
   1.0134963782843672E-004
   3.5839467129773609E-004
   3.8803187944775025E-004
   1.0837756685299557E-004
   3.3199359474978966E-004
   4.1161457710518870E-004
   1.1889271019954201E-004
   3.0357356377796378E-004
   4.3121778750626724E-004
   1.3263615014112408E-004
   2.7383437386546000E-004
   4.4635881455158601E-004
   1.4926947757451796E-004
   2.4350830256663678E-004
   4.5666483590510161E-004
   1.6838312477546457E-004
   2.1334207840333162E-004
   4.6188208311736639E-004
   1.8950645031531838E-004
   1.8407849393040307E-004
   4.6188209024696370E-004
   2.1211932781499000E-004
   1.5643811571784338E-004
   4.5666485711833927E-004
   2.3566495318259981E-004
   1.3110154161040182E-004
   4.4635884932612375E-004
   2.5956355497814681E-004
   1.0869264214987209E-004
   4.3121783498584041E-004
   2.8322667031051258E-004
   8.9763198811845893E-005
   4.1161463612069272E-004
   3.0607163474683695E-004
   7.4779317314526078E-005
   3.8803194854602758E-004
   3.2753592944460754E-004
   6.4109950549028262E-005
   3.6105045629638606E-004
   3.4709103223245526E-004
   5.8017813734717172E-005
   3.3133453325739329E-004
   3.6425543158007806E-004
   5.6652915498604063E-005
   2.9961588407576353E-004
   3.7860648301016184E-004
   6.0048864165099591E-005
   2.6667552716250995E-004
   3.8979081600808900E-004
   6.8122040207527177E-005
   2.3332456342761365E-004
   3.9753303517677744E-004
   8.0673655238387032E-005
   2.0038420428373057E-004
   4.0164250138534173E-004
   9.7394646839197462E-005
   1.6866555069576733E-004
   4.0201802593719073E-004
   1.1787328870295694E-004
   1.3894962118323566E-004
   3.9865036217156332E-004
   1.4160532870226395E-004
   1.1196812055224978E-004
   3.9162243314700454E-004
   1.6800640525021035E-004
   8.8385422894811293E-005
   3.8110728980045799E-004
   1.9642643622203623E-004
   6.8782212493732781E-005
   3.6736384985887593E-004
   2.2616562613454001E-004
   5.3641185448413987E-005
   3.5073052242548210E-004
   2.5649169743336314E-004
   4.3335164094898434E-005
   3.3161687522453555E-004
   2.8665792159666839E-004
   3.8117916882633620E-005
   3.1049361026285599E-004
   3.1592165535726085E-004
   3.8117579731956330E-005
